LGA_CODE_2021,Median_age_persons,Median_mortgage_repay_monthly,Median_rent_weekly,Average_num_psns_per_bedroom,Median_tot_hhd_inc_weekly,Average_household_size,LGA_NAME,pct_aged_15_24,pct_born_australia,pct_english_only,pct_completed_yr12,pct_low_education,pct_aged_65_plus,pct_indigenous
LGA10050,39,1473,270,0.7,1430,2.3,Albury,0.1214590055800189,0.8173390619150339,0.8581106376909775,0.37266682117198224,0.03430018005811777,0.19538979908366463,0.03790134241349188
LGA10180,37,1436,285,0.7,1404,2.3,Armidale Regional,0.1600054937508584,0.7508583985716247,0.7966968822963879,0.4293709655267134,0.03279082543606648,0.18939706084329075,0.07571075401730532
LGA10250,48,1950,420,0.8,1429,2.4,Ballina,0.09298859512700881,0.8143252116813547,0.8973777432175566,0.3998833592534992,0.03177380335234146,0.2705201313288405,0.03896664938655607
LGA10300,43,1083,200,0.8,1370,2.5,Balranald,0.09918478260869565,0.7780797101449275,0.7676630434782609,0.2617753623188406,0.0661231884057971,0.20516304347826086,0.06385869565217392
LGA10470,38,1733,320,0.7,1585,2.5,Bathurst Regional,0.13262331581242684,0.8472008630385384,0.8762366010971607,0.3752151858057704,0.031285147014942505,0.18539261367548832,0.07237129019670852
LGA10500,35,2468,500,1.0,1959,2.5,Bayside (NSW),0.12267102018449173,0.4667207050872226,0.4222075075349347,0.5712736322951868,0.03555119188967029,0.14838113069686729,0.011199652936341219
LGA10550,52,1516,310,0.8,1200,2.2,Bega Valley,0.08469200378387402,0.8039062934728173,0.8996160480774581,0.3655890045072617,0.03820043403260809,0.2896889432975349,0.03856212787268377
LGA10600,50,1517,340,0.8,1197,2.3,Bellingen,0.08360371236701124,0.7935561759601599,0.887949898136271,0.38157398324907565,0.03267184788349808,0.2685429714027013,0.042405493095902816
LGA10650,52,1207,210,0.7,1128,2.2,Berrigan,0.08424697057126371,0.8210040392383151,0.8724754760530872,0.26809001731102133,0.0567801500288517,0.32637045585689556,0.03035199076745528
LGA10750,34,2383,400,0.9,2107,3.1,Blacktown,0.1280369780430268,0.5038333971812812,0.475817589773575,0.47598645079339474,0.028739137447829508,0.11028388813839547,0.029769945762848558
LGA10800,43,1083,200,0.7,1326,2.3,Bland,0.09771047413016044,0.8433387416621597,0.882819542094826,0.265188390120786,0.042004687218316204,0.22859203172886244,0.06580133405444384
LGA10850,43,1517,270,0.8,1547,2.5,Blayney,0.10350806989462452,0.8703481392557023,0.9214352407629719,0.31772709083633455,0.03801520608243297,0.20261437908496732,0.05775643590769641
LGA10900,45,2035,400,0.7,1756,2.4,Blue Mountains,0.10350609951229503,0.7923605688611257,0.9011405383955658,0.4948989388256679,0.0174856952675977,0.22449789429218775,0.026894176981861473
LGA10950,41,1083,200,0.8,1444,2.4,Bogan,0.116335630320227,0.8585326307255776,0.8848804215646534,0.2776651803810296,0.04175111471422781,0.2042967166599108,0.1783542764491285
LGA11150,37,912,180,0.8,1559,2.5,Bourke,0.11452991452991453,0.7628205128205128,0.7863247863247863,0.2705128205128205,0.053418803418803416,0.15,0.30256410256410254
LGA11200,36,754,150,0.8,962,2.3,Brewarrina,0.11504424778761062,0.7883480825958702,0.8067846607669616,0.21460176991150443,0.0612094395280236,0.14749262536873156,0.5140117994100295
LGA11250,44,867,220,0.7,1173,2.2,Broken Hill,0.10615192176483966,0.8596201955879008,0.8801455537866727,0.235672049124403,0.0692517625653855,0.23174891971798953,0.09955651580623152
LGA11300,34,2500,500,1.1,1867,2.7,Burwood,0.16995300494815624,0.37026630529378124,0.31431981500360545,0.6381381008031429,0.03620359549444265,0.1532933833950817,0.00397841708730139
LGA11350,43,2167,520,0.9,1602,2.5,Byron,0.08799424077970983,0.6769852696865655,0.8028574592978182,0.5029626758223502,0.015948610034333812,0.18567947724000444,0.01896666297485879
LGA11400,44,1625,250,0.8,1538,2.6,Cabonne,0.10925468545692285,0.8554409414499492,0.9075257881737614,0.32747348539880866,0.03850065378468691,0.2156036611942467,0.05034142089205288
LGA11450,33,2500,500,0.8,2353,3.1,Camden,0.12139115860046093,0.7413534464697256,0.7404064529645925,0.41324952859836583,0.021839513932537188,0.09935051330400167,0.032415671485438925
LGA11500,35,2100,380,0.9,1700,2.9,Campbelltown (NSW),0.12585047501968627,0.5953126858865051,0.5780510879848628,0.4174338173227811,0.02984947795987967,0.1328978750162872,0.04081713583240331
LGA11520,39,3000,560,1.0,2371,2.5,Canada Bay,0.10649606961436245,0.5600435089765298,0.5616246341545466,0.6069277952835372,0.027417383406035188,0.1686084977068078,0.005629254179889433
LGA11570,36,2167,400,1.0,1556,2.9,Canterbury-Bankstown,0.12880115146385773,0.49199204325536516,0.33757675078031085,0.47489528471237663,0.047613785221802346,0.1499652296728355,0.007560524627634055
LGA11600,37,867,200,0.8,1516,2.5,Carrathool,0.10502442428471738,0.7337752965806001,0.7840195394277739,0.29937194696441033,0.04012561060711793,0.15108164689462666,0.08827634333565945
LGA11650,43,2000,400,0.8,1507,2.5,Central Coast (NSW),0.1118362589297049,0.7897148264838602,0.8771307228011864,0.3737031010167457,0.030306177797781855,0.22198755900241204,0.04918406444390587
LGA11700,42,650,153,0.8,988,2.3,Central Darling,0.12347826086956522,0.7484057971014493,0.7733333333333333,0.18608695652173912,0.08057971014492754,0.20231884057971014,0.3652173913043478
LGA11720,37,1647,340,0.8,1493,2.6,Cessnock,0.11915388483781746,0.8788188332914257,0.9014489564998743,0.26271372894141315,0.03947699270807141,0.17015023887352276,0.1018355544380186
LGA11730,49,1378,310,0.8,1123,2.3,Clarence Valley,0.09424374018294374,0.8434260371431211,0.887849949182297,0.28387692876281995,0.04311189134251132,0.27408297144969046,0.08114201238104038
LGA11750,37,1096,200,0.7,1740,2.3,Cobar,0.1130820399113082,0.7669376693766937,0.8075880758807588,0.24882976102488297,0.04976595220497659,0.16654348361665436,0.1426459719142646
LGA11800,44,1733,375,0.8,1363,2.4,Coffs Harbour,0.10292157086809127,0.7844690765499815,0.847991975520258,0.3601747101918511,0.03597049226120189,0.23145291331784304,0.057872751050673577
LGA12000,44,1300,210,0.8,1310,2.5,Coolamon,0.10763968072976055,0.8843785632839225,0.928164196123147,0.2661345496009122,0.04241733181299886,0.23603192702394526,0.0556442417331813
LGA12150,39,867,190,0.8,1231,2.4,Coonamble,0.1047695605573419,0.8140407288317256,0.8365487674169346,0.24785637727759915,0.05519828510182208,0.19533762057877813,0.3394962486602358
LGA12160,49,1170,220,0.7,1132,2.3,Cootamundra-Gundagai Regional,0.09874594404981145,0.8423221959133561,0.8910812943962115,0.2779093221082171,0.05024993422783478,0.2833464877663773,0.06384284837323512
LGA12350,47,1200,230,0.7,1112,2.3,Cowra,0.10735617730273499,0.8440741905061302,0.8831342345174473,0.2693335429110343,0.05187048098082364,0.2660326941213455,0.08849418421879912
LGA12380,34,2167,415,1.1,1678,3.0,Cumberland,0.1329558824154027,0.39734283614864147,0.2664469352995893,0.4874468545992805,0.04449984921784411,0.1205280348625334,0.006439035164097707
LGA12390,36,1517,300,0.8,1597,2.5,Dubbo Regional,0.11350642729689378,0.8145369797166891,0.8227668329631114,0.3301591347729507,0.036779432649939915,0.1727176723353119,0.16570773096391245
LGA12700,46,1820,300,0.8,1485,2.5,Dungog,0.09632114034168326,0.8900534535164029,0.9461272403312022,0.3051042867623939,0.03511162351954722,0.21968347133424168,0.07231946336861964
LGA12730,46,1083,220,0.7,1240,2.2,Edward River,0.10383159886471145,0.8388126773888364,0.8786660359508042,0.2891438032166509,0.053216650898770104,0.24810785241248817,0.04848628192999054
LGA12750,54,1517,325,0.7,1167,2.2,Eurobodalla,0.07981671716798462,0.7786317838050896,0.8852511516763975,0.3545192520877984,0.0381346537580371,0.32816002759096397,0.06074939028896608
LGA12850,39,2000,390,1.0,1390,3.2,Fairfield,0.1397050005995923,0.38565775272814484,0.23385537834272693,0.407761122436743,0.07868089699004677,0.16775152896030698,0.007315025782467922
LGA12870,51,1300,250,0.7,1187,2.2,Federation,0.0924877897511435,0.8475075587254826,0.9058066516784247,0.27265679510039537,0.05085665555469416,0.30397705248468876,0.02325761686952477
LGA12900,42,1283,230,0.7,1259,2.4,Forbes,0.10956111170726472,0.8657581285545659,0.8968773473548663,0.2917695031655757,0.04667882820045069,0.23156991093464965,0.13263225667990128
LGA12930,38,2474,450,1.0,1991,2.8,Georges River,0.12868907364356358,0.5025086357487162,0.4209320041504131,0.5769533866582608,0.03189644982071792,0.17303019556851465,0.006803525224266783
LGA12950,46,1083,200,0.7,1149,2.3,Gilgandra,0.08824214202561118,0.8419091967403958,0.8677532013969732,0.24633294528521538,0.05308498253783469,0.24144353899883586,0.14458672875436554
LGA13010,50,1083,220,0.7,934,2.1,Glen Innes Severn,0.09495017355279364,0.8159220691971784,0.8641809427835628,0.2784682566341955,0.05598477214197738,0.28361885567125744,0.07580338148023738
LGA13310,41,1733,320,0.7,1466,2.4,Goulburn Mulwaree,0.10835179234393036,0.8232302748572676,0.8584531869091817,0.32652169843696377,0.04046423111721212,0.20871681277883505,0.05051009265903347
LGA13340,44,1300,220,0.8,1420,2.5,Greater Hume Shire,0.11024468943264318,0.8463744734247558,0.8975531056735682,0.2934480595142063,0.04096083176481133,0.22031011920767232,0.033700815631442144
LGA13450,37,1473,290,0.8,1738,2.7,Griffith,0.1206896551724138,0.6957099608653917,0.6889906224617883,0.3277338846636639,0.05323783504393414,0.16573137414162298,0.05294247950970982
LGA13550,37,1476,300,0.7,1557,2.5,Gunnedah,0.10596333823188181,0.8561373656121897,0.8818934178977492,0.2794493000232037,0.040451697733776784,0.18926444427256556,0.15631526026761544
LGA13660,50,997,200,0.7,1029,2.3,Gwydir,0.07739307535641547,0.8586558044806517,0.8997963340122199,0.26659877800407333,0.0659877800407332,0.2835030549898167,0.06985743380855397
LGA13800,39,2200,400,0.8,1980,2.8,Hawkesbury,0.1284985194994569,0.8232773371821388,0.8837323493088518,0.3502313747079917,0.02990759891082774,0.16569702560745161,0.04838781674527951
LGA13850,48,894,175,0.7,1236,2.2,Hay,0.1065232477446218,0.8004857737682165,0.8403886190145732,0.2914642609299098,0.055517002081887576,0.23455933379597502,0.08258154059680778
LGA13910,45,1213,250,0.7,1175,2.4,Hilltops,0.10413420587929781,0.8416952321595512,0.8744157058273605,0.2864339877428067,0.045704788615352654,0.2405733873480835,0.05058689103562896
LGA14000,41,2600,495,0.9,2417,2.8,Hornsby,0.11935893973427486,0.571249777684094,0.6122810600022396,0.5914327683764681,0.014063539532708433,0.1808959825045616,0.005658351502855524
LGA14100,46,4000,540,0.8,2998,2.6,Hunters Hill,0.12766428202669813,0.6821299505863264,0.7413526071244192,0.5950291319418837,0.018290434397816947,0.23902942694889004,0.005236374363891142
LGA14170,38,3000,500,1.0,2340,2.3,Inner West,0.10232034044787712,0.6255948538984126,0.6975133739566126,0.6405988469406733,0.028323250445798552,0.1405441477316238,0.011825968996488311
LGA14220,43,1210,260,0.8,1163,2.4,Inverell,0.11342631490505797,0.8260236374838963,0.8687055396852069,0.27648014339326726,0.05270822830896768,0.2276928247353386,0.11062566515431581
LGA14300,41,1257,260,0.7,1398,2.4,Junee,0.10802805923616524,0.8501948558067031,0.7720966484801247,0.24879189399844115,0.03834762275915822,0.19251753702260327,0.09150428682774747
LGA14350,48,1301,300,0.8,1085,2.4,Kempsey,0.10235271115745569,0.8337460896767466,0.8705031282586028,0.25990615224191865,0.05106230448383733,0.2623175182481752,0.12900808133472366
LGA14400,48,2194,485,0.7,1834,2.5,Kiama,0.09686226922076796,0.8132963508711103,0.9098119095085377,0.45185056773858023,0.021322700875444224,0.27572159140157754,0.023142931437982146
LGA14500,42,3500,630,0.8,3038,2.9,Ku-ring-gai,0.12969470324639737,0.5527579870402012,0.6404945356072085,0.6469744350236951,0.01059834295109449,0.19343789290434896,0.0024098133402108385
LGA14550,52,1224,250,0.8,983,2.2,Kyogle,0.08483812373116786,0.7963457634362645,0.8697510417779677,0.2988567154610535,0.044021797200555615,0.26616091462763114,0.05609573672400898
LGA14600,41,878,180,0.7,1218,2.4,Lachlan,0.09566787003610108,0.8232687889727601,0.8449294387922547,0.27354775188710206,0.0426649163111257,0.21299638989169675,0.1834591401378405
LGA14650,42,1950,375,0.8,1623,2.5,Lake Macquarie,0.1122027636839767,0.854969721059646,0.9086300825364165,0.3577123617573476,0.031022469545698986,0.22012205101826088,0.054988426196544225
LGA14700,37,2980,540,1.0,2801,2.4,Lane Cove,0.100917896445053,0.5807850296668188,0.679496931893098,0.6682641107561236,0.008722551853542268,0.14349104924184797,0.003854150819007049
LGA14750,38,1300,250,0.8,1417,2.5,Leeton,0.13333915473279775,0.8051868669228083,0.818546978693678,0.25855745721271395,0.04523227383863081,0.17979392245895914,0.07186517638840377
LGA14850,44,1517,310,0.8,1319,2.4,Lismore,0.11147200793973024,0.8175666531330356,0.8741372310190825,0.37779131140885097,0.03299950376686065,0.20837280642396355,0.05864573465060676
LGA14870,46,1500,270,0.7,1196,2.3,Lithgow,0.10142980520103637,0.8211783897898475,0.873188753478553,0.28399385855484116,0.04255829574896843,0.245178005949525,0.07777564533154208
LGA14900,34,2200,400,0.9,1819,3.2,Liverpool,0.14004523530066912,0.5118699827797435,0.39471226750511895,0.4480393752730824,0.04163275446998449,0.11556419900105377,0.016440632951517695
LGA14920,47,1133,230,0.7,1165,2.3,Liverpool Plains,0.10276784531850086,0.8311481922924115,0.8605482717520858,0.2526817640047676,0.050589325917097076,0.2465898556482585,0.1484571579923189
LGA14950,46,1192,200,0.7,1295,2.5,Lockhart,0.10093401626996083,0.8689364266345285,0.9038867128653209,0.2678517625790901,0.04639951792708647,0.2428442301898162,0.04880988249472733
LGA15050,36,1829,370,0.8,1766,2.7,Maitland,0.12234832531642764,0.8694389643783388,0.9057588721654511,0.33541329550240506,0.030789351184802607,0.15526566621594662,0.07467913905082792
LGA15240,54,1500,315,0.7,1060,2.2,Mid-Coast,0.08408660267760072,0.8216278901210408,0.8987978753145094,0.2850826784290581,0.04570351732778347,0.33198728502055314,0.07264519201896892
LGA15270,42,1733,330,0.8,1486,2.4,Mid-Western Regional,0.09839380857931786,0.8385641504297437,0.8914167930618753,0.306381985765955,0.03896861509742154,0.20670477968342862,0.06809784933691129
LGA15300,38,1300,210,0.8,1524,2.5,Moree Plains,0.11552035134499256,0.732099443180927,0.757430789741981,0.2722923692259431,0.03693827935063917,0.16681044623951063,0.198807936632421
LGA15350,45,3870,590,0.9,2892,2.3,Mosman,0.10466306611599421,0.6152352712767835,0.8002753362278937,0.6750326520526668,0.0074481979596879525,0.2190334992410604,0.00289456034452328
LGA15520,49,1408,260,0.7,1260,2.4,Murray River,0.08498054474708171,0.8384435797665369,0.892295719844358,0.29284046692607,0.05245136186770428,0.2846692607003891,0.03828793774319066
LGA15560,45,869,190,0.7,1401,2.3,Murrumbidgee,0.10110348941246645,0.8279152997315836,0.8634059051595586,0.2827318818968088,0.05040262451535938,0.21652251714882195,0.0864897107068297
LGA15650,37,1517,300,0.7,1628,2.5,Muswellbrook,0.11756434554013573,0.8480161398789509,0.8803570336858837,0.2517576572721159,0.04358990034847466,0.14996637525218562,0.11664730696337959
LGA15700,52,1368,300,0.8,976,2.2,Nambucca Valley,0.08702896065075709,0.8093791346106728,0.8896947125986181,0.2950948204047631,0.044837555740677215,0.3007301416180722,0.07997255843583084
LGA15750,40,1343,250,0.8,1498,2.4,Narrabri,0.1105250728174447,0.8398016216641738,0.8690073211052507,0.28119341887743055,0.04502873337007006,0.19168700307014092,0.148075257813115
LGA15800,44,1000,200,0.7,1184,2.3,Narrandera,0.09985959985959986,0.8422253422253422,0.8664443664443664,0.25465075465075465,0.059845559845559844,0.23288873288873288,0.12688662688662689
LGA15850,41,1200,240,0.7,1308,2.5,Narromine,0.10550314465408805,0.8158805031446541,0.8446540880503145,0.27216981132075474,0.04292452830188679,0.21933962264150944,0.20440251572327045
LGA15900,37,1987,400,0.8,1760,2.4,Newcastle,0.14300687498889697,0.8081753743937752,0.8478797676360342,0.4688493720132881,0.02672422471324605,0.16965411877564798,0.0438791281021833
LGA15950,38,3000,580,1.0,2524,2.0,North Sydney,0.07985496736765772,0.5604931109499638,0.717897026831037,0.7267150108774474,0.0063524292965917335,0.16665699782451052,0.004031907179115301
LGA15990,41,3124,625,0.9,2592,2.7,Northern Beaches,0.1138400479598109,0.6673129605318076,0.8095456718547243,0.5691205597334892,0.01487361223885807,0.1819854754623341,0.006473056754972416
LGA16100,47,1560,280,0.7,1441,2.3,Oberon,0.0939068100358423,0.7700716845878136,0.8265232974910395,0.2924731182795699,0.03996415770609319,0.24767025089605735,0.04659498207885305
LGA16150,37,1700,330,0.7,1665,2.5,Orange,0.11649659863945579,0.8366427652141938,0.8723570509284795,0.3649797756940614,0.035438499724214007,0.17962860820003676,0.07653061224489796
LGA16200,41,1300,250,0.7,1336,2.4,Parkes,0.11579973539447114,0.8629621892625862,0.8910243019288351,0.2836849801545853,0.04728083002576422,0.20778497319128195,0.13139753499059953
LGA16260,35,2383,450,1.0,2051,2.6,Parramatta,0.11117170245667611,0.42382823911595496,0.38215783958960614,0.6048712845062303,0.018357879320217037,0.12542408531953927,0.008098033334761558
LGA16350,35,2167,400,0.8,1903,2.8,Penrith,0.1300904145839459,0.7128096515730667,0.741597140546898,0.3800904145839459,0.030027932960893854,0.12999393560717437,0.05019203910614525
LGA16380,49,1733,375,0.7,1263,2.3,Port Macquarie-Hastings,0.1014614693068394,0.8267559530670109,0.9134413683409788,0.35766810354763606,0.03653673267098499,0.29153315967820015,0.054516954427053316
LGA16400,47,1733,370,0.7,1372,2.4,Port Stephens,0.10542536797916999,0.8289760348583878,0.908430309793294,0.32112492693554384,0.034752112227004625,0.2588075880758808,0.06489452149423455
LGA16490,38,2167,355,0.8,2295,2.6,Queanbeyan-Palerang Regional,0.10784468595981296,0.7669025653987109,0.8143877164160243,0.4978042461771768,0.02472197649437634,0.13479400985719703,0.03459497030203463
LGA16550,37,3033,550,1.0,2305,2.4,Randwick,0.12047492774781754,0.5568855585019218,0.6611968536781575,0.6167356910884009,0.02031254655424128,0.15597532997646218,0.01753418943479427
LGA16610,46,1341,295,0.8,1137,2.4,Richmond Valley,0.10914491831105454,0.8363250583492468,0.879057924888606,0.24812221514958624,0.052153617653299386,0.25113515807341397,0.07884574580946319
LGA16700,37,2600,460,1.0,2098,2.5,Ryde,0.11231151692572199,0.4747256491872091,0.46264414550467386,0.6329159018919944,0.021196843319935255,0.15060833468863022,0.0047396668293022935
LGA16900,39,2114,420,0.8,1647,2.6,Shellharbour,0.12332341256834184,0.7937879403705209,0.8543220883428826,0.32169500858779876,0.03963498577440967,0.1832151145258355,0.0499403442986194
LGA16950,48,1733,350,0.7,1250,2.3,Shoalhaven,0.09413900175986585,0.799605642627452,0.883876496116317,0.33198809556716513,0.039887221162617136,0.28027015322810994,0.06511503625692198
LGA17000,37,1917,338,0.8,2016,2.7,Singleton,0.13390568417626236,0.8542946657443952,0.9060096838507548,0.2953167595719575,0.03177767831712577,0.14399641941652766,0.08271961590104569
LGA17040,43,1500,300,0.8,1593,2.4,Snowy Monaro Regional,0.10855718637496538,0.788701190805871,0.8579340902797009,0.40930490168928274,0.03138558109480292,0.1975906950983107,0.030693252100064617
LGA17080,45,1300,230,0.8,1306,2.4,Snowy Valleys,0.0995903565912296,0.824323416828957,0.8716002954804916,0.28493721039554093,0.04425491907863811,0.23195218588409106,0.06339399637364851
LGA17100,33,2300,460,1.1,2105,2.7,Strathfield,0.14614085495580462,0.3622924571754436,0.2912069835281732,0.6570526177264053,0.021099730221744568,0.12093961792380409,0.0043647051082403
LGA17150,41,2620,500,0.9,2288,2.7,Sutherland Shire,0.11717076942457137,0.7791243685141023,0.8285572800604663,0.4934082211536373,0.01816594341712603,0.1878059693064189,0.014217391870935793
LGA17200,34,2700,550,1.1,2212,1.9,Sydney,0.12691369925153095,0.446411695773796,0.5798886746805776,0.7400251379753534,0.011827133892795041,0.09633231269373252,0.014218076661374462
LGA17310,39,1517,300,0.7,1416,2.4,Tamworth Regional,0.11761534802600285,0.843094973838592,0.8715395592199143,0.3167591564927858,0.03933724433169494,0.19858886951006818,0.1273505628666561
LGA17350,47,1100,230,0.7,1203,2.3,Temora,0.10722572091481604,0.8884653629433212,0.9217765992707988,0.27262180974477956,0.043254888962545576,0.27046735167384817,0.03430560159098442
LGA17400,55,1083,240,0.7,885,2.1,Tenterfield,0.08149779735682819,0.8071953010279002,0.8763582966226138,0.2933920704845815,0.052276064610866375,0.32834067547723933,0.07547723935389133
LGA17420,38,3000,580,0.8,2831,3.1,The Hills Shire,0.12772311284371157,0.5751527027872168,0.585768934103275,0.5640569951426964,0.015239008526339928,0.14810606850257457,0.006290520961454273
LGA17550,47,1872,400,0.8,1296,2.4,Tweed,0.09460735994742894,0.776655166748809,0.8811195991457204,0.3714473468046657,0.034807787087235094,0.2662128306226384,0.04444923607688517
LGA17620,42,1560,270,0.7,1429,2.4,Upper Hunter Shire,0.10492655843699487,0.8396233045189402,0.8945112095017218,0.3031836390470167,0.041605172534963805,0.2107667439735751,0.06957621758380772
LGA17640,49,1540,277,0.7,1465,2.4,Upper Lachlan Shire,0.0918487197556965,0.8345078693915903,0.893117218698614,0.3392060136246183,0.040638947615691805,0.24958891237961006,0.03147756636128729
LGA17650,47,1333,250,0.7,1346,2.4,Uralla,0.10082063305978899,0.8537933344498408,0.9122425054429744,0.3615809747111037,0.04270641433595713,0.23195444649137498,0.09529392061631217
LGA17750,35,1517,300,0.7,1638,2.5,Wagga Wagga,0.1449215341152805,0.8302444940762325,0.853392299841737,0.3790323773462113,0.03372332085964886,0.16559925453711785,0.06613024893135529
LGA17850,50,1056,200,0.7,1224,2.2,Walcha,0.08753315649867374,0.8388594164456233,0.8836206896551724,0.3163129973474801,0.04840848806366048,0.2954244031830239,0.0666445623342175
LGA17900,44,858,180,0.8,1001,2.2,Walgett,0.09632590900437846,0.64782029316581,0.6843708357129259,0.24005330287454787,0.04949552636588616,0.21835141823719778,0.2118789263278127
LGA17950,45,1045,200,0.7,1321,2.4,Warren,0.0992156862745098,0.8250980392156863,0.8635294117647059,0.3168627450980392,0.040392156862745096,0.23607843137254902,0.15372549019607842
LGA18020,50,922,200,0.7,1068,2.3,Warrumbungle Shire,0.09192411924119241,0.7983739837398374,0.8408672086720868,0.26775067750677506,0.05430894308943089,0.2865040650406504,0.10677506775067751
LGA18050,35,3500,670,1.0,2854,2.3,Waverley,0.09067852197361709,0.5294366299832374,0.7312003498287297,0.6694410028423584,0.010480285693462576,0.12901392026820202,0.004066758982581444
LGA18100,52,953,198,0.7,1046,2.2,Weddin,0.08758314855875832,0.8575388026607539,0.9151884700665188,0.28519955654101997,0.04573170731707317,0.30072062084257206,0.04684035476718403
LGA18200,43,1300,200,0.8,1392,2.5,Wentworth,0.1039849724942976,0.8008855494431772,0.8392593586475244,0.26982423185294513,0.05152287669394875,0.20689655172413793,0.08345632631155239
LGA18250,39,3299,571,1.0,2556,2.6,Willoughby,0.10770634679221827,0.504860275349477,0.5551823099202519,0.6477060822874373,0.015341277293587082,0.15991959054659913,0.002737624482562522
LGA18350,48,2167,430,0.7,1673,2.4,Wingecarribee,0.09734580432184257,0.7674590677113965,0.8795651596501546,0.44091141930220645,0.02193173841279478,0.2790605020015557,0.022861370923371722
LGA18400,37,2363,415,0.8,2151,3.0,Wollondilly,0.1278701284260855,0.8415892959730176,0.8962213450454958,0.327310464965438,0.026778599358796167,0.15257315468579158,0.043827949815607566
LGA18450,39,2167,390,0.8,1682,2.5,Wollongong,0.13430025540165172,0.7487183311273093,0.7978225611006506,0.4272524747860778,0.037019257657388935,0.1862754236498201,0.03236796480304245
LGA18500,41,3900,695,0.9,3192,2.3,Woollahra,0.104456407955735,0.6132047255869598,0.7948257813668311,0.6932294003289966,0.008150142066696576,0.2088567369522955,0.0032899656049050394
LGA18710,43,2167,350,0.8,2289,2.7,Yass Valley,0.11069961229095539,0.8410971587292402,0.911405589954285,0.4635148428910364,0.024477750130200798,0.183438458422545,0.03194259591458828
LGA19399,45,1300,263,0.8,1638,2.5,Unincorporated NSW,0.05708661417322835,0.8110236220472441,0.8789370078740157,0.37598425196850394,0.01968503937007874,0.20669291338582677,0.03543307086614173
